 SinNet = [ 0.8445,    0.8837...
          0.1608,    0.2789...
          0.0572 ,   0.0925]
     
 ReLuNet = [ 0.2000    0.4183
             0.1597    0.2923
             0.0617    0.1174
 
 
Dynamic_model=[
    0.0242    0.0049
    0.0116    0.0182
    0.0767    0.1245]
